142,35
10,298
10,151
10,233
11,6
11,12
52,5
52,1
52,4
34,1
34,58
33,349
33,275
33,235
33,234
33,187
33,186
33,185
33,184
33,183
33,182
33,181
33,180
33,179
33,178
33,177
33,176
33,175
33,174
33,173
33,172
33,171
33,170
33,136
33,135
33,134
33,133
33,132
33,131
33,130
33,129
33,128
33,101
33,100
33,99
33,98
33,97
33,96
33,91
33,90
33,89
33,88
33,87
33,4
33,3
33,2
33,1
32,3
32,1
31,1
30,5
30,3
30,1
29,1
28,4
28,3
28,1
27,1
26,3
26,1
25,9
25,8
25,7
25,6
25,5
25,4
25,3
25,1
24,3
24,1
20,3
20,2
20,1
19,2
19,3
19,1
14,5
12,3
12,2
12,1
11,30
11,29
11,28
11,27
11,26
11,25
11,24
11,23
11,22
11,21
11,20
11,19
11,18
11,17
11,16
11,15
11,14
11,13
11,11
11,10
11,9
11,8
11,5
11,4
11,3
11,2
11,1
10,309
10,302
10,295
10,293
10,291
10,288
10,287
10,282
10,276
10,273
10,271
10,268
10,267
10,260
10,255
10,250
10,246
10,227
10,211
10,209
10,194
10,191
10,180
10,145
10,141
10,139
10,138
18,1
10,106
18,3
10,102
10,100
10,94
14,1
10,77
10,73
14,4
10,14
14,3
10,3
10,2
13,1
10,1
9,7
9,6
9,5
9,4
9,3
13,3
9,2
9,1
8,18
8,16
8,15
8,14
8,13
8,12
8,10
8,9
8,8
8,6
8,3
8,2
8,1
3,3
3,2
3,1
2,2
2,3
2,1
0,318
0,0
142,34
142,33
142,32
142,31
142,30
142,29
142,28
142,27
142,26
142,25
142,24
142,23
142,22
142,21
142,20
142,19
142,18
142,17
142,16
142,15
142,14
142,13
142,12
142,11
142,10
142,9
142,8
142,7
142,6
142,5
142,4
142,3
142,2
142,0
0,276
0,275
0,272
0,271
0,12
0,317
0,10
0,8
0,538
0,541
0,268
0,531
0,399
0,267
0,507
0,553
0,266
0,536
0,400
0,265
0,506
0,402
0,264
0,505
0,569
0,263
0,504
0,413
0,262
0,503
0,559
0,261
0,524
0,401
0,260
0,502
0,391
0,259
0,501
0,550
0,258
0,500
0,409
0,257
0,523
0,544
0,256
0,522
0,543
0,255
0,521
0,395
0,254
0,499
0,392
0,253
0,520
0,314
0,252
0,498
0,456
0,251
0,519
0,397
0,250
0,518
0,453
0,249
0,497
0,398
0,248
0,517
0,462
0,247
0,516
0,461
0,246
0,515
0,384
0,245
0,514
0,557
10,190
10,254
10,172
45,3
45,1
44,1
50,1
43,3
43,1
42,3
41,3
40,3
40,1
47,10
47,1
46,1
48,3
34,3
35,3
35,196
27,3
51,3
43,5
47,4
47,5
47,7
47,8
49,3
49,1
49,5
33,189
33,190
33,192
33,193
33,164
33,363
33,364
33,236
33,241
33,240
34,12
34,64
34,66
34,67
34,107
34,108
34,110
34,113
34,114
34,117
34,116
34,118
34,99
34,100
34,125
34,127
34,70
34,71
34,126
34,86
34,87
34,80
34,81
34,83
34,89
34,121
34,123
34,256
34,258
34,259
34,260
34,262
34,263
34,265
34,266
34,268
34,270
34,272
34,274
34,279
34,276
34,277
34,283
34,281
34,282
34,284
34,285
34,287
34,299
34,300
34,302
34,303
34,293
34,295
34,296
34,298
34,305
34,313
34,314
34,316
34,308
34,309
34,311
34,317
34,289
34,291
34,312
34,319
34,320
34,322
34,323
34,325
34,327
34,328
34,330
34,331
34,344
34,346
34,347
34,338
34,339
34,341
34,342
34,334
34,336
34,337
34,349
34,350
34,352
34,354
34,355
34,357
34,358
34,360
34,361
34,363
34,365
34,366
34,378
34,379
34,381
34,368
34,369
34,371
34,372
34,374
34,376
34,133
34,135
34,136
34,138
34,139
34,141
34,147
34,148
34,150
34,151
34,162
34,164
34,157
34,159
34,160
34,194
34,195
34,197
34,199
34,200
34,202
34,203
34,212
34,214
34,215
34,217
34,218
34,220
34,221
34,246
34,225
34,226
34,228
34,229
34,231
34,233
34,234
34,236
34,243
34,245
34,248
34,249
34,251
34,252
34,254
34,255
34,129
34,131
34,169
34,165
34,166
34,168
34,176
34,177
34,179
34,180
34,182
34,183
34,383
34,385
34,386
34,388
