45,1
45,3
32,1
32,3
31,1
31,3
30,1
30,3
97,35
14,5
33,4
33,97
33,99
33,98
33,96
33,91
33,90
33,89
33,88
33,87
33,146
33,145
33,144
33,136
33,135
33,134
33,133
33,131
33,130
33,129
33,128
33,3
3,2
3,1
3,3
10,239
10,261
10,95
10,253
10,262
10,126
10,223
10,289
11,4
11,22
11,18
11,6
11,2
11,3
9,5
8,18
8,13
35,313
8,12
8,10
35,174
8,16
0,318
35,173
35,122
35,120
35,119
35,74
35,36
35,32
35,10
35,6
35,5
35,3
35,1
34,1214
34,1116
34,1066
34,832
34,634
34,549
34,512
34,486
34,460
34,455
34,448
34,447
34,390
34,332
34,292
34,275
34,125
34,120
34,115
34,114
34,110
34,109
34,108
34,107
34,91
34,90
34,76
34,75
34,74
34,58
34,42
34,34
34,20
34,18
34,12
34,5
34,4
34,3
34,1
33,364
33,363
33,360
33,349
33,275
33,240
33,239
33,238
33,237
33,236
33,235
33,234
33,232
33,231
33,230
33,213
33,212
33,170
33,164
33,154
33,153
33,150
33,149
33,148
33,147
33,143
33,142
33,141
33,140
33,139
33,138
33,137
33,1
20,3
20,2
20,1
19,3
19,2
19,1
18,1
12,1
18,3
12,3
12,2
11,30
11,27
14,1
11,23
11,21
14,4
11,14
14,3
11,12
11,1
13,1
11,10
13,3
10,274
10,268
10,264
10,247
10,213
10,208
10,186
10,1
10,157
10,3
10,2
9,7
9,6
9,1
9,4
9,3
9,2
8,11
8,8
8,1
8,7
2,2
8,3
2,1
8,2
2,3
0,0
97,34
97,33
97,32
97,31
97,30
97,29
97,28
97,27
97,26
97,25
97,24
97,23
97,22
97,21
97,20
97,19
97,18
97,17
97,16
97,15
97,14
97,13
97,12
